38,35
25,4
25,1
25,3
24,4
24,1
24,3
3,2
3,1
3,3
10,163
10,269
10,167
10,177
10,187
10,19
10,73
10,2
10,3
11,12
11,14
11,27
11,7
11,25
11,2
11,3
9,5
9,1
9,7
9,2
9,3
8,7
8,13
8,14
8,15
8,1
8,5
8,2
8,3
12,2
12,1
12,3
20,2
20,1
20,3
19,2
19,1
19,3
35,8
35,7
35,6
35,5
35,4
35,3
35,2
35,1
35,0
34,5
34,4
34,3
34,2
34,1
34,0
33,99
33,98
33,97
33,96
33,95
33,94
33,93
33,92
33,91
33,90
33,89
33,88
33,87
33,86
33,85
33,84
33,83
33,82
33,81
33,80
33,79
33,78
33,77
33,76
33,75
33,74
33,73
33,72
33,71
33,70
33,69
33,68
33,67
33,66
33,65
33,64
33,37
33,36
33,35
33,34
33,33
33,32
33,31
33,30
33,29
33,28
